2 0.4338942307692308 0.6418269230769231 0.006009615384615385 0.015625
5 0.4338942307692308 0.6598557692307693 0.006009615384615385 0.015625
6 0.48677884615384615 0.6850961538461539 0.003605769230769231 0.006009615384615385
6 0.48677884615384615 0.6971153846153846 0.003605769230769231 0.008413461538461538
2 0.4338942307692308 0.6418269230769231 0.006009615384615385 0.015625
5 0.4338942307692308 0.6610576923076923 0.006009615384615385 0.014423076923076924
6 0.48677884615384615 0.6959134615384616 0.003605769230769231 0.008413461538461538
6 0.48677884615384615 0.6875 0.003605769230769231 0.008413461538461538
2 0.4338942307692308 0.6442307692307693 0.006009615384615385 0.015625
5 0.4338942307692308 0.6610576923076923 0.006009615384615385 0.014423076923076924
6 0.48677884615384615 0.6971153846153846 0.003605769230769231 0.008413461538461538
6 0.48677884615384615 0.6875 0.003605769230769231 0.008413461538461538