3 0.48197115384615385 0.40625 0.009615384615384616 0.04927884615384615
6 0.48197115384615385 0.453125 0.008413461538461538 0.037259615384615384
3 0.4807692307692308 0.4050480769230769 0.010817307692307692 0.04927884615384615
6 0.4807692307692308 0.4519230769230769 0.009615384615384616 0.038461538461538464
3 0.4807692307692308 0.40625 0.010817307692307692 0.051682692307692304
6 0.48197115384615385 0.4519230769230769 0.008413461538461538 0.042067307692307696
3 0.4807692307692308 0.40625 0.009615384615384616 0.04807692307692308
6 0.4807692307692308 0.4519230769230769 0.008413461538461538 0.03485576923076923
3 0.4807692307692308 0.40625 0.009615384615384616 0.04927884615384615
6 0.48197115384615385 0.4519230769230769 0.008413461538461538 0.038461538461538464
3 0.4807692307692308 0.40625 0.009615384615384616 0.04807692307692308
6 0.4807692307692308 0.45072115384615385 0.008413461538461538 0.037259615384615384