2 0.09014423076923077 0.3112980769230769 0.04807692307692308 0.09134615384615384
5 0.09134615384615384 0.4074519230769231 0.051682692307692304 0.09254807692307693
6 0.43509615384615385 0.46274038461538464 0.02283653846153846 0.04927884615384615
6 0.35096153846153844 0.4831730769230769 0.003605769230769231 0.008413461538461538
2 0.09014423076923077 0.3125 0.04567307692307692 0.08413461538461539
5 0.09254807692307693 0.40625 0.046875 0.08774038461538461
6 0.4338942307692308 0.46274038461538464 0.021634615384615384 0.051682692307692304
6 0.35216346153846156 0.4831730769230769 0.004807692307692308 0.008413461538461538
2 0.09014423076923077 0.3137019230769231 0.04447115384615385 0.08413461538461539
5 0.09254807692307693 0.40625 0.04567307692307692 0.08653846153846154
6 0.43509615384615385 0.46274038461538464 0.020432692307692308 0.04807692307692308
6 0.35096153846153844 0.4831730769230769 0.003605769230769231 0.008413461538461538