4 0.5420673076923077 0.48677884615384615 0.008413461538461538 0.02283653846153846
4 0.5300480769230769 0.48197115384615385 0.009615384615384616 0.02403846153846154
4 0.5180288461538461 0.47596153846153844 0.008413461538461538 0.02283653846153846
6 0.47596153846153844 0.515625 0.008413461538461538 0.020432692307692308
4 0.5180288461538461 0.47596153846153844 0.008413461538461538 0.02283653846153846
4 0.5300480769230769 0.4807692307692308 0.008413461538461538 0.02283653846153846
4 0.5420673076923077 0.48677884615384615 0.008413461538461538 0.02403846153846154
6 0.47596153846153844 0.515625 0.009615384615384616 0.02283653846153846
6 0.47596153846153844 0.515625 0.009615384615384616 0.02283653846153846
4 0.5180288461538461 0.47475961538461536 0.009615384615384616 0.02403846153846154
4 0.5300480769230769 0.4807692307692308 0.008413461538461538 0.025240384615384616
4 0.5420673076923077 0.48677884615384615 0.009615384615384616 0.02403846153846154