5 0.43028846153846156 0.5697115384615384 0.03125 0.07932692307692307
1 0.43990384615384615 0.6057692307692307 0.006009615384615385 0.013221153846153846
2 0.30649038461538464 0.5420673076923077 0.004807692307692308 0.010817307692307692
5 0.30649038461538464 0.5552884615384616 0.004807692307692308 0.010817307692307692
1 0.39302884615384615 0.5637019230769231 0.003605769230769231 0.009615384615384616
5 0.43028846153846156 0.5721153846153846 0.028846153846153848 0.07451923076923077
1 0.43990384615384615 0.6045673076923077 0.004807692307692308 0.010817307692307692
2 0.30649038461538464 0.5444711538461539 0.004807692307692308 0.010817307692307692
5 0.30528846153846156 0.5564903846153846 0.004807692307692308 0.009615384615384616
5 0.43028846153846156 0.5697115384615384 0.03125 0.0829326923076923
2 0.30649038461538464 0.5420673076923077 0.004807692307692308 0.009615384615384616
5 0.30649038461538464 0.5540865384615384 0.004807692307692308 0.009615384615384616