4 0.6778846153846154 0.27163461538461536 0.020432692307692308 0.0733173076923077
4 0.7055288461538461 0.2824519230769231 0.019230769230769232 0.06971153846153846
4 0.7319711538461539 0.296875 0.018028846153846152 0.06850961538461539
4 0.6766826923076923 0.2704326923076923 0.02283653846153846 0.078125
4 0.7055288461538461 0.27884615384615385 0.021634615384615384 0.07451923076923077
4 0.7307692307692307 0.2920673076923077 0.020432692307692308 0.07451923076923077
4 0.6778846153846154 0.27163461538461536 0.020432692307692308 0.0733173076923077
4 0.7055288461538461 0.2824519230769231 0.019230769230769232 0.06971153846153846
4 0.7307692307692307 0.29447115384615385 0.019230769230769232 0.06850961538461539
4 0.6766826923076923 0.27283653846153844 0.02283653846153846 0.07211538461538461
4 0.7055288461538461 0.2824519230769231 0.020432692307692308 0.0733173076923077
4 0.7307692307692307 0.296875 0.016826923076923076 0.06850961538461539