1 0.30649038461538464 0.5637019230769231 0.004807692307692308 0.013221153846153846
0 0.30649038461538464 0.578125 0.004807692307692308 0.013221153846153846
6 0.3076923076923077 0.59375 0.006009615384615385 0.010817307692307692
2 0.3737980769230769 0.5841346153846154 0.004807692307692308 0.010817307692307692
5 0.3737980769230769 0.5985576923076923 0.004807692307692308 0.013221153846153846
0 0.42908653846153844 0.5516826923076923 0.003605769230769231 0.008413461538461538
0 0.43509615384615385 0.5516826923076923 0.003605769230769231 0.009615384615384616
0 0.43990384615384615 0.5516826923076923 0.003605769230769231 0.009615384615384616
1 0.4963942307692308 0.5805288461538461 0.004807692307692308 0.010817307692307692
3 0.4963942307692308 0.5925480769230769 0.003605769230769231 0.009615384615384616
6 0.5084134615384616 0.59375 0.003605769230769231 0.008413461538461538