6 0.9711538461538461 0.15745192307692307 0.010817307692307692 0.018028846153846152
3 0.96875 0.1778846153846154 0.009615384615384616 0.020432692307692308
0 0.9411057692307693 0.07211538461538461 0.010817307692307692 0.019230769230769232
0 0.9375 0.09375 0.010817307692307692 0.019230769230769232
0 0.9507211538461539 0.09134615384615384 0.010817307692307692 0.018028846153846152
0 0.953125 0.06850961538461539 0.01201923076923077 0.019230769230769232
0 0.9663461538461539 0.0673076923076923 0.01201923076923077 0.018028846153846152
0 0.9795673076923077 0.06490384615384616 0.01201923076923077 0.019230769230769232
0 0.9771634615384616 0.0889423076923077 0.010817307692307692 0.019230769230769232
0 0.9627403846153846 0.09134615384615384 0.010817307692307692 0.019230769230769232
3 0.96875 0.17908653846153846 0.010817307692307692 0.019230769230769232
6 0.9711538461538461 0.15745192307692307 0.009615384615384616 0.018028846153846152
0 0.9759615384615384 0.0889423076923077 0.010817307692307692 0.019230769230769232
0 0.9795673076923077 0.06490384615384616 0.010817307692307692 0.019230769230769232
0 0.9663461538461539 0.0673076923076923 0.01201923076923077 0.019230769230769232
0 0.953125 0.06850961538461539 0.010817307692307692 0.019230769230769232
0 0.9411057692307693 0.07211538461538461 0.010817307692307692 0.019230769230769232
0 0.9375 0.09375 0.010817307692307692 0.018028846153846152
0 0.9507211538461539 0.09254807692307693 0.010817307692307692 0.019230769230769232
0 0.9627403846153846 0.09134615384615384 0.01201923076923077 0.019230769230769232