4 0.3389423076923077 0.4326923076923077 0.008413461538461538 0.018028846153846152
0 0.3401442307692308 0.4110576923076923 0.008413461538461538 0.02283653846153846
1 0.35336538461538464 0.37259615384615385 0.006009615384615385 0.018028846153846152
4 0.35336538461538464 0.3894230769230769 0.006009615384615385 0.013221153846153846
0 0.4338942307692308 0.4387019230769231 0.004807692307692308 0.013221153846153846
1 0.4254807692307692 0.453125 0.003605769230769231 0.008413461538461538
4 0.3401442307692308 0.43149038461538464 0.008413461538461538 0.015625
0 0.3401442307692308 0.4098557692307692 0.008413461538461538 0.020432692307692308
1 0.35336538461538464 0.37259615384615385 0.006009615384615385 0.015625
4 0.35336538461538464 0.3894230769230769 0.006009615384615385 0.015625
1 0.4254807692307692 0.45072115384615385 0.003605769230769231 0.008413461538461538
0 0.4338942307692308 0.4387019230769231 0.004807692307692308 0.013221153846153846