2 0.8125 0.19951923076923078 0.008413461538461538 0.015625
5 0.8112980769230769 0.21514423076923078 0.008413461538461538 0.015625
6 0.9483173076923077 0.21514423076923078 0.021634615384615384 0.037259615384615384
6 0.9483173076923077 0.21514423076923078 0.020432692307692308 0.03365384615384615
6 0.8870192307692307 0.22235576923076922 0.007211538461538462 0.013221153846153846
2 0.8125 0.19831730769230768 0.008413461538461538 0.014423076923076924
5 0.8112980769230769 0.21634615384615385 0.007211538461538462 0.010817307692307692
2 0.8125 0.19831730769230768 0.007211538461538462 0.014423076923076924
5 0.8125 0.21514423076923078 0.007211538461538462 0.014423076923076924
6 0.9483173076923077 0.21634615384615385 0.02283653846153846 0.037259615384615384
6 0.8870192307692307 0.22355769230769232 0.007211538461538462 0.013221153846153846