2 0.3485576923076923 0.4110576923076923 0.013221153846153846 0.037259615384615384
2 0.2800480769230769 0.35216346153846156 0.009615384615384616 0.020432692307692308
2 0.23918269230769232 0.3557692307692308 0.009615384615384616 0.02403846153846154
2 0.3293269230769231 0.3485576923076923 0.008413461538461538 0.019230769230769232
2 0.4170673076923077 0.34615384615384615 0.008413461538461538 0.020432692307692308
2 0.47596153846153844 0.34615384615384615 0.008413461538461538 0.02283653846153846
2 0.5144230769230769 0.34615384615384615 0.007211538461538462 0.020432692307692308
2 0.5540865384615384 0.34375 0.007211538461538462 0.018028846153846152
2 0.6213942307692307 0.39302884615384615 0.01201923076923077 0.03245192307692308
5 0.6213942307692307 0.4254807692307692 0.014423076923076924 0.03245192307692308
0 0.7824519230769231 0.39302884615384615 0.009615384615384616 0.025240384615384616
4 0.8882211538461539 0.36778846153846156 0.018028846153846152 0.038461538461538464
0 0.6430288461538461 0.40865384615384615 0.006009615384615385 0.015625
0 0.6418269230769231 0.3918269230769231 0.006009615384615385 0.015625