2 0.28725961538461536 0.12740384615384615 0.010817307692307692 0.025240384615384616
5 0.28966346153846156 0.15504807692307693 0.010817307692307692 0.025240384615384616
1 0.4110576923076923 0.20673076923076922 0.007211538461538462 0.020432692307692308
4 0.38221153846153844 0.10336538461538461 0.006009615384615385 0.014423076923076924
4 0.3894230769230769 0.10336538461538461 0.006009615384615385 0.014423076923076924
4 0.39663461538461536 0.10336538461538461 0.006009615384615385 0.015625
2 0.28725961538461536 0.12740384615384615 0.010817307692307692 0.027644230769230768
5 0.28966346153846156 0.15625 0.010817307692307692 0.027644230769230768
1 0.4110576923076923 0.20673076923076922 0.007211538461538462 0.018028846153846152
4 0.38221153846153844 0.10336538461538461 0.006009615384615385 0.015625
4 0.3894230769230769 0.10336538461538461 0.004807692307692308 0.014423076923076924
4 0.39663461538461536 0.10576923076923077 0.006009615384615385 0.015625