4 0.4170673076923077 0.48677884615384615 0.010817307692307692 0.02403846153846154
4 0.43028846153846156 0.4855769230769231 0.009615384615384616 0.025240384615384616
4 0.4423076923076923 0.484375 0.010817307692307692 0.027644230769230768
2 0.2620192307692308 0.5612980769230769 0.014423076923076924 0.03245192307692308
5 0.2608173076923077 0.5961538461538461 0.014423076923076924 0.03365384615384615
1 0.12379807692307693 0.515625 0.014423076923076924 0.03245192307692308
4 0.12379807692307693 0.5528846153846154 0.014423076923076924 0.03485576923076923
6 0.12379807692307693 0.5865384615384616 0.014423076923076924 0.027644230769230768
4 0.5733173076923077 0.5829326923076923 0.009615384615384616 0.025240384615384616
1 0.5733173076923077 0.5564903846153846 0.009615384615384616 0.027644230769230768
6 0.6418269230769231 0.5817307692307693 0.009615384615384616 0.030048076923076924