1 0.05048076923076923 0.49278846153846156 0.018028846153846152 0.04326923076923077
4 0.04927884615384615 0.5396634615384616 0.018028846153846152 0.04326923076923077
6 0.04927884615384615 0.5817307692307693 0.019230769230769232 0.03365384615384615
2 0.2091346153846154 0.546875 0.019230769230769232 0.04326923076923077
5 0.20673076923076922 0.5925480769230769 0.018028846153846152 0.04447115384615385
4 0.41346153846153844 0.4579326923076923 0.01201923076923077 0.03245192307692308
4 0.42908653846153844 0.4579326923076923 0.013221153846153846 0.03245192307692308
4 0.44471153846153844 0.45552884615384615 0.01201923076923077 0.03365384615384615
4 0.6057692307692307 0.5841346153846154 0.01201923076923077 0.030048076923076924
1 0.6045673076923077 0.5492788461538461 0.01201923076923077 0.030048076923076924
6 0.7175480769230769 0.5793269230769231 0.01201923076923077 0.039663461538461536