2 0.29447115384615385 0.5673076923076923 0.010817307692307692 0.027644230769230768
5 0.2932692307692308 0.5961538461538461 0.01201923076923077 0.027644230769230768
6 0.17307692307692307 0.5901442307692307 0.01201923076923077 0.02403846153846154
4 0.17307692307692307 0.5625 0.013221153846153846 0.028846153846153848
1 0.171875 0.5300480769230769 0.01201923076923077 0.028846153846153848
4 0.4206730769230769 0.5036057692307693 0.008413461538461538 0.020432692307692308
4 0.43028846153846156 0.5036057692307693 0.008413461538461538 0.02283653846153846
4 0.4411057692307692 0.5012019230769231 0.008413461538461538 0.02283653846153846
1 0.5516826923076923 0.5612980769230769 0.008413461538461538 0.020432692307692308
4 0.5516826923076923 0.5853365384615384 0.008413461538461538 0.020432692307692308
6 0.5997596153846154 0.5841346153846154 0.008413461538461538 0.02403846153846154
0 0.9387019230769231 0.5492788461538461 0.038461538461538464 0.08173076923076923