2 0.3173076923076923 0.5757211538461539 0.009615384615384616 0.020432692307692308
5 0.3173076923076923 0.5985576923076923 0.009615384615384616 0.020432692307692308
1 0.2091346153846154 0.5408653846153846 0.009615384615384616 0.02403846153846154
3 0.21033653846153846 0.5673076923076923 0.010817307692307692 0.02403846153846154
6 0.21033653846153846 0.5913461538461539 0.010817307692307692 0.020432692307692308
4 0.421875 0.5180288461538461 0.007211538461538462 0.015625
4 0.43149038461538464 0.5180288461538461 0.007211538461538462 0.018028846153846152
4 0.4411057692307692 0.5168269230769231 0.007211538461538462 0.018028846153846152
4 0.5360576923076923 0.5877403846153846 0.007211538461538462 0.019230769230769232
1 0.5348557692307693 0.5661057692307693 0.007211538461538462 0.018028846153846152
6 0.5721153846153846 0.5877403846153846 0.007211538461538462 0.019230769230769232
0 0.7560096153846154 0.5673076923076923 0.015625 0.04807692307692308