3 0.08052884615384616 0.40384615384615385 0.037259615384615384 0.07692307692307693
2 0.3161057692307692 0.515625 0.006009615384615385 0.015625
5 0.3173076923076923 0.5324519230769231 0.007211538461538462 0.015625
0 0.375 0.5108173076923077 0.003605769230769231 0.008413461538461538
0 0.3798076923076923 0.5120192307692307 0.003605769230769231 0.008413461538461538
0 0.38461538461538464 0.5108173076923077 0.003605769230769231 0.008413461538461538
2 0.5697115384615384 0.515625 0.004807692307692308 0.02403846153846154
5 0.5697115384615384 0.5384615384615384 0.004807692307692308 0.02283653846153846
1 0.39302884615384615 0.5769230769230769 0.004807692307692308 0.010817307692307692
0 0.14903846153846154 0.5625 0.006009615384615385 0.013221153846153846
0 0.15625 0.5625 0.006009615384615385 0.014423076923076924
0 0.6177884615384616 0.44591346153846156 0.008413461538461538 0.030048076923076924