2 0.4326923076923077 0.4338942307692308 0.007211538461538462 0.018028846153846152
5 0.4326923076923077 0.4543269230769231 0.008413461538461538 0.020432692307692308
0 0.5757211538461539 0.4266826923076923 0.009615384615384616 0.02283653846153846
4 0.5576923076923077 0.4387019230769231 0.007211538461538462 0.020432692307692308
2 0.3581730769230769 0.3918269230769231 0.006009615384615385 0.015625
2 0.38461538461538464 0.3918269230769231 0.006009615384615385 0.015625
2 0.41225961538461536 0.3942307692307692 0.006009615384615385 0.015625
2 0.3173076923076923 0.3870192307692308 0.007211538461538462 0.019230769230769232
2 0.20192307692307693 0.375 0.006009615384615385 0.013221153846153846
2 0.22716346153846154 0.37740384615384615 0.007211538461538462 0.020432692307692308
2 0.25961538461538464 0.38221153846153844 0.007211538461538462 0.015625
2 0.25600961538461536 0.42427884615384615 0.008413461538461538 0.02403846153846154
0 0.5084134615384616 0.4423076923076923 0.004807692307692308 0.013221153846153846
0 0.5084134615384616 0.4266826923076923 0.006009615384615385 0.013221153846153846
0 0.47475961538461536 0.42788461538461536 0.004807692307692308 0.010817307692307692