0 0.671875 0.3870192307692308 0.013221153846153846 0.039663461538461536
0 0.625 0.41346153846153844 0.01201923076923077 0.03245192307692308
0 0.5841346153846154 0.42788461538461536 0.008413461538461538 0.02403846153846154
0 0.5252403846153846 0.4074519230769231 0.004807692307692308 0.013221153846153846
0 0.5252403846153846 0.4254807692307692 0.007211538461538462 0.018028846153846152
0 0.48197115384615385 0.39903846153846156 0.003605769230769231 0.010817307692307692
0 0.48197115384615385 0.4110576923076923 0.004807692307692308 0.009615384615384616
2 0.4362980769230769 0.41586538461538464 0.009615384615384616 0.027644230769230768
5 0.4362980769230769 0.44471153846153844 0.009615384615384616 0.027644230769230768
2 0.4050480769230769 0.36658653846153844 0.006009615384615385 0.018028846153846152
2 0.36658653846153844 0.36658653846153844 0.006009615384615385 0.018028846153846152
2 0.328125 0.36778846153846156 0.007211538461538462 0.019230769230769232
2 0.2704326923076923 0.36658653846153844 0.008413461538461538 0.020432692307692308
2 0.18629807692307693 0.36778846153846156 0.008413461538461538 0.020432692307692308
2 0.13942307692307693 0.36899038461538464 0.008413461538461538 0.019230769230769232
2 0.10096153846153846 0.37259615384615385 0.010817307692307692 0.02283653846153846
2 0.171875 0.43028846153846156 0.01201923076923077 0.030048076923076924