2 0.5168269230769231 0.4182692307692308 0.010817307692307692 0.027644230769230768
5 0.515625 0.4483173076923077 0.009615384615384616 0.028846153846153848
2 0.46634615384615385 0.3605769230769231 0.006009615384615385 0.019230769230769232
2 0.42788461538461536 0.35697115384615385 0.007211538461538462 0.018028846153846152
2 0.38822115384615385 0.3545673076923077 0.007211538461538462 0.019230769230769232
2 0.3269230769230769 0.3473557692307692 0.008413461538461538 0.020432692307692308
2 0.23557692307692307 0.4050480769230769 0.01201923076923077 0.030048076923076924
2 0.18389423076923078 0.33653846153846156 0.009615384615384616 0.02283653846153846
2 0.13942307692307693 0.33653846153846156 0.009615384615384616 0.02403846153846154
0 0.8293269230769231 0.3942307692307692 0.015625 0.042067307692307696
4 0.7415865384615384 0.4254807692307692 0.014423076923076924 0.03485576923076923
0 0.6694711538461539 0.4375 0.009615384615384616 0.02403846153846154
0 0.5721153846153846 0.41586538461538464 0.006009615384615385 0.014423076923076924
0 0.5721153846153846 0.4362980769230769 0.006009615384615385 0.015625