0 0.9350961538461539 0.34975961538461536 0.014423076923076924 0.038461538461538464
0 0.8221153846153846 0.3894230769230769 0.015625 0.042067307692307696
0 0.7331730769230769 0.4074519230769231 0.009615384615384616 0.02283653846153846
3 0.6153846153846154 0.4098557692307692 0.006009615384615385 0.014423076923076924
0 0.6153846153846154 0.390625 0.006009615384615385 0.014423076923076924
2 0.5733173076923077 0.39302884615384615 0.010817307692307692 0.028846153846153848
5 0.5733173076923077 0.4266826923076923 0.010817307692307692 0.028846153846153848
2 0.515625 0.3401442307692308 0.007211538461538462 0.019230769230769232
2 0.47596153846153844 0.3389423076923077 0.007211538461538462 0.019230769230769232
2 0.4375 0.33533653846153844 0.007211538461538462 0.019230769230769232
2 0.37740384615384615 0.3317307692307692 0.007211538461538462 0.019230769230769232
2 0.29927884615384615 0.39302884615384615 0.010817307692307692 0.03245192307692308
2 0.2932692307692308 0.3293269230769231 0.008413461538461538 0.020432692307692308
2 0.2439903846153846 0.3293269230769231 0.008413461538461538 0.02403846153846154
2 0.203125 0.3317307692307692 0.009615384615384616 0.02403846153846154