0 0.9711538461538461 0.38221153846153844 0.016826923076923076 0.039663461538461536
0 0.84375 0.40384615384615385 0.010817307692307692 0.027644230769230768
2 0.6802884615384616 0.3870192307692308 0.010817307692307692 0.03245192307692308
5 0.6790865384615384 0.4206730769230769 0.01201923076923077 0.03365384615384615
0 0.6153846153846154 0.375 0.004807692307692308 0.013221153846153846
0 0.6141826923076923 0.3894230769230769 0.003605769230769231 0.010817307692307692
2 0.6009615384615384 0.3317307692307692 0.007211538461538462 0.019230769230769232
2 0.5612980769230769 0.3293269230769231 0.007211538461538462 0.020432692307692308
2 0.5204326923076923 0.3269230769230769 0.007211538461538462 0.020432692307692308
2 0.46274038461538464 0.31971153846153844 0.008413461538461538 0.020432692307692308
2 0.4026442307692308 0.38100961538461536 0.01201923076923077 0.03365384615384615
2 0.3737980769230769 0.3137019230769231 0.008413461538461538 0.020432692307692308
2 0.3245192307692308 0.3125 0.008413461538461538 0.02283653846153846
2 0.2824519230769231 0.3125 0.009615384615384616 0.02283653846153846