0 0.5949519230769231 0.453125 0.010817307692307692 0.03245192307692308
0 0.59375 0.4170673076923077 0.01201923076923077 0.03245192307692308
0 0.5817307692307693 0.41466346153846156 0.010817307692307692 0.030048076923076924
0 0.5673076923076923 0.41346153846153844 0.01201923076923077 0.03245192307692308
0 0.5528846153846154 0.41346153846153844 0.01201923076923077 0.030048076923076924
0 0.5540865384615384 0.4483173076923077 0.01201923076923077 0.03485576923076923
0 0.5673076923076923 0.45072115384615385 0.01201923076923077 0.03245192307692308
0 0.5805288461538461 0.45072115384615385 0.01201923076923077 0.03365384615384615
5 0.44471153846153844 0.6466346153846154 0.003605769230769231 0.010817307692307692
4 0.38221153846153844 0.6298076923076923 0.003605769230769231 0.010817307692307692
5 0.38221153846153844 0.6442307692307693 0.003605769230769231 0.010817307692307692