2 0.49158653846153844 0.38461538461538464 0.014423076923076924 0.04326923076923077
2 0.34975961538461536 0.3112980769230769 0.010817307692307692 0.025240384615384616
2 0.3942307692307692 0.31009615384615385 0.010817307692307692 0.025240384615384616
2 0.44350961538461536 0.31490384615384615 0.009615384615384616 0.02283653846153846
2 0.5348557692307693 0.32211538461538464 0.010817307692307692 0.025240384615384616
2 0.5961538461538461 0.3293269230769231 0.008413461538461538 0.02283653846153846
2 0.6370192307692307 0.3317307692307692 0.009615384615384616 0.025240384615384616
2 0.6766826923076923 0.3329326923076923 0.008413461538461538 0.02403846153846154
0 0.6646634615384616 0.39663461538461536 0.004807692307692308 0.013221153846153846
0 0.7355769230769231 0.3918269230769231 0.007211538461538462 0.018028846153846152
3 0.7355769230769231 0.41586538461538464 0.008413461538461538 0.019230769230769232
2 0.7776442307692307 0.390625 0.01201923076923077 0.030048076923076924
5 0.7776442307692307 0.42788461538461536 0.014423076923076924 0.037259615384615384
0 0.9495192307692307 0.40865384615384615 0.010817307692307692 0.027644230769230768