6 0.13942307692307693 0.328125 0.018028846153846152 0.037259615384615384
4 0.1622596153846154 0.33052884615384615 0.019230769230769232 0.051682692307692304
5 0.18269230769230768 0.3233173076923077 0.018028846153846152 0.04927884615384615
0 0.20192307692307693 0.3161057692307692 0.018028846153846152 0.04807692307692308
0 0.2247596153846154 0.3112980769230769 0.019230769230769232 0.051682692307692304
0 0.24519230769230768 0.3125 0.018028846153846152 0.04807692307692308
0 0.4206730769230769 0.265625 0.014423076923076924 0.038461538461538464
0 0.4387019230769231 0.2692307692307692 0.014423076923076924 0.037259615384615384
1 0.6201923076923077 0.43028846153846156 0.014423076923076924 0.03365384615384615
0 0.6177884615384616 0.3557692307692308 0.01201923076923077 0.03365384615384615
4 0.6189903846153846 0.39302884615384615 0.013221153846153846 0.03485576923076923
0 0.5084134615384616 0.46153846153846156 0.003605769230769231 0.009615384615384616
0 0.5084134615384616 0.45072115384615385 0.003605769230769231 0.009615384615384616