5 0.41947115384615385 0.7127403846153846 0.007211538461538462 0.018028846153846152
2 0.15745192307692307 0.6790865384615384 0.007211538461538462 0.015625
1 0.5745192307692307 0.6706730769230769 0.006009615384615385 0.015625
4 0.5745192307692307 0.6875 0.006009615384615385 0.014423076923076924
0 0.5769230769230769 0.7151442307692307 0.006009615384615385 0.014423076923076924
4 0.5769230769230769 0.7319711538461539 0.006009615384615385 0.015625
1 0.6947115384615384 0.7524038461538461 0.004807692307692308 0.009615384615384616
0 0.6947115384615384 0.7620192307692307 0.003605769230769231 0.009615384615384616
4 0.6466346153846154 0.7463942307692307 0.006009615384615385 0.013221153846153846
0 0.6466346153846154 0.7295673076923077 0.006009615384615385 0.015625
1 0.640625 0.6875 0.006009615384615385 0.014423076923076924
4 0.6394230769230769 0.703125 0.004807692307692308 0.013221153846153846