2 0.23918269230769232 0.27524038461538464 0.010817307692307692 0.02403846153846154
5 0.23918269230769232 0.30408653846153844 0.01201923076923077 0.025240384615384616
2 0.23918269230769232 0.27403846153846156 0.01201923076923077 0.027644230769230768
5 0.23918269230769232 0.30408653846153844 0.01201923076923077 0.025240384615384616
4 0.4266826923076923 0.3125 0.003605769230769231 0.008413461538461538
4 0.43028846153846156 0.3137019230769231 0.002403846153846154 0.008413461538461538
4 0.4338942307692308 0.3125 0.003605769230769231 0.006009615384615385
2 0.2403846153846154 0.27524038461538464 0.01201923076923077 0.028846153846153848
5 0.23918269230769232 0.30288461538461536 0.01201923076923077 0.027644230769230768
4 0.4266826923076923 0.3125 0.003605769230769231 0.008413461538461538
4 0.43028846153846156 0.3125 0.003605769230769231 0.008413461538461538
4 0.4338942307692308 0.3125 0.003605769230769231 0.008413461538461538