2 0.15384615384615385 0.27283653846153844 0.018028846153846152 0.04326923076923077
5 0.15745192307692307 0.3173076923076923 0.018028846153846152 0.039663461538461536
4 0.5024038461538461 0.2512019230769231 0.006009615384615385 0.015625
4 0.5108173076923077 0.2512019230769231 0.006009615384615385 0.018028846153846152
4 0.5192307692307693 0.25240384615384615 0.006009615384615385 0.015625
4 0.5024038461538461 0.2512019230769231 0.006009615384615385 0.015625
4 0.5108173076923077 0.25240384615384615 0.006009615384615385 0.015625
4 0.5192307692307693 0.25240384615384615 0.006009615384615385 0.015625
2 0.15384615384615385 0.27283653846153844 0.016826923076923076 0.039663461538461536
5 0.15745192307692307 0.3161057692307692 0.018028846153846152 0.042067307692307696
2 0.15384615384615385 0.27163461538461536 0.016826923076923076 0.042067307692307696
5 0.15745192307692307 0.3161057692307692 0.018028846153846152 0.042067307692307696
4 0.5024038461538461 0.2512019230769231 0.006009615384615385 0.015625
4 0.5108173076923077 0.2512019230769231 0.006009615384615385 0.018028846153846152
4 0.5192307692307693 0.2536057692307692 0.006009615384615385 0.018028846153846152