6 0.8088942307692307 0.21514423076923078 0.052884615384615384 0.11298076923076923
2 0.5745192307692307 0.20432692307692307 0.002403846153846154 0.006009615384615385
5 0.5745192307692307 0.21033653846153846 0.002403846153846154 0.004807692307692308
0 0.5985576923076923 0.21514423076923078 0.003605769230769231 0.008413461538461538
6 0.6129807692307693 0.21754807692307693 0.006009615384615385 0.010817307692307692
6 0.8112980769230769 0.21394230769230768 0.054086538461538464 0.10576923076923077
2 0.5745192307692307 0.20432692307692307 0.002403846153846154 0.006009615384615385
5 0.5745192307692307 0.21033653846153846 0.002403846153846154 0.006009615384615385
0 0.5985576923076923 0.21514423076923078 0.003605769230769231 0.008413461538461538
6 0.6021634615384616 0.21394230769230768 0.003605769230769231 0.009615384615384616
6 0.6129807692307693 0.21754807692307693 0.006009615384615385 0.010817307692307692