1 0.5985576923076923 0.6430288461538461 0.018028846153846152 0.046875
6 0.5889423076923077 0.6790865384615384 0.016826923076923076 0.038461538461538464
6 0.5216346153846154 0.6790865384615384 0.007211538461538462 0.015625
1 0.5985576923076923 0.6430288461538461 0.016826923076923076 0.04326923076923077
6 0.5889423076923077 0.6790865384615384 0.015625 0.03485576923076923
6 0.5216346153846154 0.6790865384615384 0.007211538461538462 0.013221153846153846
1 0.5985576923076923 0.6430288461538461 0.018028846153846152 0.04326923076923077
6 0.5901442307692307 0.6778846153846154 0.016826923076923076 0.037259615384615384
6 0.6081730769230769 0.6802884615384616 0.015625 0.038461538461538464
6 0.5216346153846154 0.6802884615384616 0.007211538461538462 0.014423076923076924
2 0.4579326923076923 0.6742788461538461 0.002403846153846154 0.006009615384615385
1 0.5973557692307693 0.6418269230769231 0.018028846153846152 0.04447115384615385
6 0.5889423076923077 0.6790865384615384 0.016826923076923076 0.03485576923076923
6 0.6081730769230769 0.6826923076923077 0.014423076923076924 0.03485576923076923
6 0.5216346153846154 0.6778846153846154 0.006009615384615385 0.014423076923076924
2 0.4579326923076923 0.6730769230769231 0.002403846153846154 0.004807692307692308