6 0.5408653846153846 0.38100961538461536 0.015625 0.03365384615384615
6 0.5168269230769231 0.43149038461538464 0.007211538461538462 0.015625
6 0.5108173076923077 0.4326923076923077 0.004807692307692308 0.013221153846153846
6 0.5396634615384616 0.3798076923076923 0.015625 0.03485576923076923
6 0.5108173076923077 0.4326923076923077 0.004807692307692308 0.013221153846153846
6 0.5168269230769231 0.4326923076923077 0.006009615384615385 0.018028846153846152
6 0.5396634615384616 0.3798076923076923 0.014423076923076924 0.03485576923076923
6 0.5168269230769231 0.4326923076923077 0.007211538461538462 0.015625
6 0.5108173076923077 0.4326923076923077 0.004807692307692308 0.010817307692307692
6 0.5396634615384616 0.3798076923076923 0.016826923076923076 0.038461538461538464
6 0.5168269230769231 0.4326923076923077 0.007211538461538462 0.018028846153846152
6 0.5108173076923077 0.4326923076923077 0.006009615384615385 0.013221153846153846