5 0.1971153846153846 0.5733173076923077 0.009615384615384616 0.025240384615384616
2 0.44711538461538464 0.546875 0.007211538461538462 0.019230769230769232
5 0.44591346153846156 0.5673076923076923 0.007211538461538462 0.019230769230769232
2 0.7872596153846154 0.5528846153846154 0.014423076923076924 0.038461538461538464
5 0.1971153846153846 0.5721153846153846 0.01201923076923077 0.030048076923076924
2 0.44711538461538464 0.5444711538461539 0.007211538461538462 0.019230769230769232
5 0.44711538461538464 0.5673076923076923 0.008413461538461538 0.019230769230769232
2 0.7860576923076923 0.5516826923076923 0.015625 0.046875
5 0.1971153846153846 0.5721153846153846 0.009615384615384616 0.02403846153846154
5 0.44591346153846156 0.5661057692307693 0.007211538461538462 0.018028846153846152
2 0.44711538461538464 0.546875 0.007211538461538462 0.019230769230769232
2 0.7860576923076923 0.5516826923076923 0.013221153846153846 0.039663461538461536