1 0.609375 0.5084134615384616 0.006009615384615385 0.014423076923076924
4 0.5036057692307693 0.38221153846153844 0.009615384615384616 0.025240384615384616
4 0.5144230769230769 0.3798076923076923 0.008413461538461538 0.020432692307692308
1 0.5252403846153846 0.3798076923076923 0.009615384615384616 0.025240384615384616
0 0.5252403846153846 0.40625 0.007211538461538462 0.020432692307692308
4 0.5036057692307693 0.38221153846153844 0.008413461538461538 0.02283653846153846
4 0.5144230769230769 0.38221153846153844 0.007211538461538462 0.019230769230769232
1 0.5252403846153846 0.3798076923076923 0.009615384615384616 0.02403846153846154
0 0.5252403846153846 0.40625 0.007211538461538462 0.018028846153846152
1 0.609375 0.5108173076923077 0.004807692307692308 0.010817307692307692
1 0.5252403846153846 0.3798076923076923 0.009615384615384616 0.025240384615384616
0 0.5252403846153846 0.40625 0.007211538461538462 0.019230769230769232
4 0.5144230769230769 0.3798076923076923 0.008413461538461538 0.019230769230769232
4 0.5036057692307693 0.38221153846153844 0.009615384615384616 0.025240384615384616
1 0.6081730769230769 0.5084134615384616 0.004807692307692308 0.010817307692307692
1 0.5252403846153846 0.3798076923076923 0.009615384615384616 0.025240384615384616
0 0.5252403846153846 0.40625 0.008413461538461538 0.019230769230769232
4 0.5036057692307693 0.38100961538461536 0.009615384615384616 0.02403846153846154
4 0.5144230769230769 0.3798076923076923 0.007211538461538462 0.019230769230769232
1 0.6081730769230769 0.5084134615384616 0.004807692307692308 0.014423076923076924