4 0.36177884615384615 0.4423076923076923 0.015625 0.042067307692307696
4 0.38221153846153844 0.4483173076923077 0.014423076923076924 0.039663461538461536
4 0.40024038461538464 0.4543269230769231 0.013221153846153846 0.039663461538461536
4 0.3629807692307692 0.43990384615384615 0.015625 0.04326923076923077
4 0.38221153846153844 0.44591346153846156 0.015625 0.04326923076923077
4 0.40024038461538464 0.45072115384615385 0.013221153846153846 0.039663461538461536
4 0.3629807692307692 0.4411057692307692 0.014423076923076924 0.039663461538461536
4 0.38221153846153844 0.44711538461538464 0.014423076923076924 0.038461538461538464
4 0.40024038461538464 0.453125 0.01201923076923077 0.037259615384615384
4 0.3629807692307692 0.4387019230769231 0.015625 0.042067307692307696
4 0.38341346153846156 0.44591346153846156 0.014423076923076924 0.04326923076923077
4 0.40024038461538464 0.453125 0.013221153846153846 0.037259615384615384
4 0.36177884615384615 0.4411057692307692 0.015625 0.042067307692307696
4 0.38221153846153844 0.44591346153846156 0.014423076923076924 0.04447115384615385
4 0.40024038461538464 0.45072115384615385 0.014423076923076924 0.039663461538461536
4 0.36177884615384615 0.4411057692307692 0.014423076923076924 0.039663461538461536
4 0.38221153846153844 0.44711538461538464 0.013221153846153846 0.038461538461538464
4 0.40024038461538464 0.4543269230769231 0.01201923076923077 0.037259615384615384