2 0.234375 0.6454326923076923 0.004807692307692308 0.009615384615384616
5 0.234375 0.65625 0.004807692307692308 0.009615384615384616
6 0.31009615384615385 0.6598557692307693 0.007211538461538462 0.015625
6 0.31009615384615385 0.6610576923076923 0.007211538461538462 0.014423076923076924
2 0.234375 0.6466346153846154 0.004807692307692308 0.010817307692307692
5 0.234375 0.6574519230769231 0.004807692307692308 0.010817307692307692
2 0.234375 0.6466346153846154 0.006009615384615385 0.010817307692307692
5 0.234375 0.6574519230769231 0.004807692307692308 0.010817307692307692
6 0.31009615384615385 0.6610576923076923 0.007211538461538462 0.018028846153846152
6 0.31009615384615385 0.6598557692307693 0.007211538461538462 0.015625
2 0.234375 0.6454326923076923 0.004807692307692308 0.009615384615384616
5 0.234375 0.6574519230769231 0.004807692307692308 0.010817307692307692