2 0.25961538461538464 0.4411057692307692 0.007211538461538462 0.018028846153846152
5 0.25961538461538464 0.46033653846153844 0.007211538461538462 0.019230769230769232
1 0.4026442307692308 0.48677884615384615 0.004807692307692308 0.010817307692307692
0 0.39663461538461536 0.49399038461538464 0.006009615384615385 0.014423076923076924
1 0.44350961538461536 0.5060096153846154 0.004807692307692308 0.010817307692307692
6 0.44350961538461536 0.5180288461538461 0.004807692307692308 0.010817307692307692
2 0.2608173076923077 0.4411057692307692 0.007211538461538462 0.015625
5 0.25961538461538464 0.45913461538461536 0.007211538461538462 0.018028846153846152
1 0.4026442307692308 0.48677884615384615 0.004807692307692308 0.010817307692307692
0 0.39663461538461536 0.4951923076923077 0.006009615384615385 0.013221153846153846
1 0.44471153846153844 0.5060096153846154 0.004807692307692308 0.010817307692307692
6 0.44471153846153844 0.5180288461538461 0.004807692307692308 0.009615384615384616
2 0.25961538461538464 0.4411057692307692 0.007211538461538462 0.015625
5 0.25961538461538464 0.4579326923076923 0.007211538461538462 0.015625
0 0.39663461538461536 0.4951923076923077 0.006009615384615385 0.013221153846153846
1 0.4026442307692308 0.48677884615384615 0.004807692307692308 0.010817307692307692
1 0.44350961538461536 0.5060096153846154 0.004807692307692308 0.010817307692307692
6 0.44350961538461536 0.5180288461538461 0.004807692307692308 0.009615384615384616