2 0.5745192307692307 0.6418269230769231 0.010817307692307692 0.027644230769230768
4 0.7367788461538461 0.6322115384615384 0.007211538461538462 0.015625
0 0.0889423076923077 0.6694711538461539 0.018028846153846152 0.042067307692307696
2 0.5757211538461539 0.6418269230769231 0.010817307692307692 0.025240384615384616
4 0.7367788461538461 0.6322115384615384 0.007211538461538462 0.015625
0 0.09014423076923077 0.6706730769230769 0.016826923076923076 0.037259615384615384
2 0.5757211538461539 0.6430288461538461 0.009615384615384616 0.027644230769230768
0 0.7367788461538461 0.6334134615384616 0.007211538461538462 0.018028846153846152
0 0.0889423076923077 0.6682692307692307 0.018028846153846152 0.037259615384615384
2 0.5757211538461539 0.6418269230769231 0.009615384615384616 0.02403846153846154
4 0.7367788461538461 0.6322115384615384 0.007211538461538462 0.014423076923076924
0 0.0889423076923077 0.6694711538461539 0.015625 0.03485576923076923