0 0.3713942307692308 0.6466346153846154 0.006009615384615385 0.018028846153846152
0 0.3762019230769231 0.6478365384615384 0.003605769230769231 0.014423076923076924
2 0.5841346153846154 0.6586538461538461 0.006009615384615385 0.014423076923076924
0 0.6862980769230769 0.6514423076923077 0.004807692307692308 0.013221153846153846
0 0.6923076923076923 0.6514423076923077 0.004807692307692308 0.013221153846153846
0 0.6862980769230769 0.6538461538461539 0.004807692307692308 0.013221153846153846
2 0.5841346153846154 0.6610576923076923 0.004807692307692308 0.014423076923076924
0 0.3713942307692308 0.6466346153846154 0.004807692307692308 0.014423076923076924
0 0.3701923076923077 0.6466346153846154 0.004807692307692308 0.014423076923076924
0 0.3762019230769231 0.6490384615384616 0.003605769230769231 0.014423076923076924
2 0.5841346153846154 0.6598557692307693 0.006009615384615385 0.015625
0 0.6862980769230769 0.6514423076923077 0.004807692307692308 0.013221153846153846
0 0.6923076923076923 0.6514423076923077 0.004807692307692308 0.013221153846153846
2 0.5841346153846154 0.6598557692307693 0.006009615384615385 0.015625
0 0.6862980769230769 0.6514423076923077 0.004807692307692308 0.013221153846153846
0 0.6923076923076923 0.6514423076923077 0.004807692307692308 0.013221153846153846
0 0.3713942307692308 0.6466346153846154 0.004807692307692308 0.018028846153846152
0 0.37740384615384615 0.6490384615384616 0.003605769230769231 0.014423076923076924