3 0.4375 0.6117788461538461 0.019230769230769232 0.04807692307692308
6 0.4074519230769231 0.6298076923076923 0.007211538461538462 0.015625
2 0.38822115384615385 0.6153846153846154 0.002403846153846154 0.006009615384615385
5 0.38822115384615385 0.6237980769230769 0.003605769230769231 0.008413461538461538
3 0.4375 0.6129807692307693 0.018028846153846152 0.046875
6 0.4074519230769231 0.6286057692307693 0.007211538461538462 0.014423076923076924
2 0.38822115384615385 0.6153846153846154 0.003605769230769231 0.006009615384615385
5 0.38822115384615385 0.6225961538461539 0.002403846153846154 0.006009615384615385
3 0.4375 0.6105769230769231 0.018028846153846152 0.046875
6 0.4074519230769231 0.6286057692307693 0.007211538461538462 0.014423076923076924
2 0.38822115384615385 0.6153846153846154 0.002403846153846154 0.006009615384615385
5 0.38822115384615385 0.6225961538461539 0.003605769230769231 0.006009615384615385
3 0.4375 0.6105769230769231 0.019230769230769232 0.04807692307692308
6 0.4074519230769231 0.6286057692307693 0.006009615384615385 0.014423076923076924
2 0.38822115384615385 0.6153846153846154 0.002403846153846154 0.006009615384615385
5 0.38822115384615385 0.6225961538461539 0.003605769230769231 0.006009615384615385