0 0.7067307692307693 0.5324519230769231 0.0829326923076923 0.17548076923076922
2 0.05889423076923077 0.6394230769230769 0.013221153846153846 0.03485576923076923
2 0.13581730769230768 0.6346153846153846 0.013221153846153846 0.03485576923076923
2 0.15745192307692307 0.7067307692307693 0.025240384615384616 0.07211538461538461
5 0.14903846153846154 0.7896634615384616 0.027644230769230768 0.0733173076923077
2 0.2127403846153846 0.6298076923076923 0.013221153846153846 0.03365384615384615
4 0.4387019230769231 0.7175480769230769 0.007211538461538462 0.018028846153846152
0 0.4387019230769231 0.7391826923076923 0.007211538461538462 0.018028846153846152
0 0.5012019230769231 0.7560096153846154 0.010817307692307692 0.028846153846153848
0 0.4987980769230769 0.7247596153846154 0.009615384615384616 0.027644230769230768
0 0.7067307692307693 0.5360576923076923 0.07932692307692307 0.18028846153846154
0 0.5 0.7560096153846154 0.010817307692307692 0.027644230769230768
0 0.5 0.7247596153846154 0.010817307692307692 0.027644230769230768
4 0.4387019230769231 0.7175480769230769 0.007211538461538462 0.018028846153846152
0 0.4387019230769231 0.7391826923076923 0.007211538461538462 0.018028846153846152
2 0.15745192307692307 0.7067307692307693 0.026442307692307692 0.07211538461538461
5 0.14783653846153846 0.7872596153846154 0.026442307692307692 0.07451923076923077
2 0.2127403846153846 0.6310096153846154 0.013221153846153846 0.03485576923076923
2 0.13581730769230768 0.6346153846153846 0.013221153846153846 0.03485576923076923
2 0.05889423076923077 0.6394230769230769 0.013221153846153846 0.03485576923076923