0 0.6021634615384616 0.45552884615384615 0.03485576923076923 0.08413461538461539
6 0.6442307692307693 0.4326923076923077 0.04567307692307692 0.09375
1 0.5024038461538461 0.4855769230769231 0.009615384615384616 0.025240384615384616
2 0.39903846153846156 0.4326923076923077 0.009615384615384616 0.02283653846153846
5 0.39783653846153844 0.45552884615384615 0.008413461538461538 0.02283653846153846
0 0.6009615384615384 0.4567307692307692 0.03485576923076923 0.0829326923076923
6 0.6442307692307693 0.43149038461538464 0.04567307692307692 0.09615384615384616
1 0.5024038461538461 0.4855769230769231 0.008413461538461538 0.025240384615384616
2 0.39903846153846156 0.4338942307692308 0.008413461538461538 0.020432692307692308
5 0.39783653846153844 0.4567307692307692 0.008413461538461538 0.02283653846153846
0 0.6021634615384616 0.4567307692307692 0.036057692307692304 0.0889423076923077
6 0.6442307692307693 0.43509615384615385 0.046875 0.09254807692307693
2 0.39783653846153844 0.4338942307692308 0.008413461538461538 0.020432692307692308
5 0.39783653846153844 0.4567307692307692 0.008413461538461538 0.02283653846153846
1 0.5024038461538461 0.4855769230769231 0.009615384615384616 0.025240384615384616
0 0.5997596153846154 0.45552884615384615 0.03245192307692308 0.08173076923076923
6 0.6442307692307693 0.4326923076923077 0.04326923076923077 0.09615384615384616
2 0.39903846153846156 0.4338942307692308 0.008413461538461538 0.020432692307692308
5 0.39783653846153844 0.4579326923076923 0.008413461538461538 0.020432692307692308
1 0.5024038461538461 0.48677884615384615 0.008413461538461538 0.02403846153846154