0 0.35336538461538464 0.43990384615384615 0.007211538461538462 0.018028846153846152
1 0.3629807692307692 0.4495192307692308 0.006009615384615385 0.014423076923076924
3 0.3629807692307692 0.46634615384615385 0.006009615384615385 0.013221153846153846
0 0.3894230769230769 0.47716346153846156 0.003605769230769231 0.009615384615384616
0 0.35336538461538464 0.4411057692307692 0.006009615384615385 0.015625
1 0.3629807692307692 0.45072115384615385 0.006009615384615385 0.014423076923076924
3 0.3629807692307692 0.46634615384615385 0.004807692307692308 0.013221153846153846
0 0.3894230769230769 0.47716346153846156 0.003605769230769231 0.009615384615384616
0 0.35216346153846156 0.4411057692307692 0.006009615384615385 0.015625
1 0.3629807692307692 0.45072115384615385 0.006009615384615385 0.014423076923076924
3 0.3629807692307692 0.46634615384615385 0.006009615384615385 0.013221153846153846
0 0.3894230769230769 0.47596153846153844 0.003605769230769231 0.009615384615384616