1 0.5901442307692307 0.42427884615384615 0.008413461538461538 0.020432692307692308
0 0.5240384615384616 0.4230769230769231 0.003605769230769231 0.008413461538461538
1 0.5252403846153846 0.4110576923076923 0.003605769230769231 0.008413461538461538
2 0.28846153846153844 0.35336538461538464 0.013221153846153846 0.03245192307692308
6 0.5685096153846154 0.4362980769230769 0.004807692307692308 0.009615384615384616
2 0.28846153846153844 0.35336538461538464 0.01201923076923077 0.030048076923076924
6 0.2848557692307692 0.3870192307692308 0.004807692307692308 0.010817307692307692
1 0.5889423076923077 0.4254807692307692 0.007211538461538462 0.019230769230769232
6 0.5685096153846154 0.43509615384615385 0.004807692307692308 0.009615384615384616
0 0.5240384615384616 0.4230769230769231 0.002403846153846154 0.006009615384615385
1 0.5252403846153846 0.4110576923076923 0.002403846153846154 0.006009615384615385