2 0.7451923076923077 0.11538461538461539 0.020432692307692308 0.04326923076923077
5 0.7427884615384616 0.1622596153846154 0.019230769230769232 0.046875
6 0.9290865384615384 0.203125 0.016826923076923076 0.030048076923076924
6 0.8942307692307693 0.20072115384615385 0.008413461538461538 0.014423076923076924
6 0.8834134615384616 0.21875 0.004807692307692308 0.009615384615384616
6 0.8918269230769231 0.21514423076923078 0.007211538461538462 0.013221153846153846
6 0.875 0.2247596153846154 0.003605769230769231 0.006009615384615385
2 0.7451923076923077 0.11538461538461539 0.019230769230769232 0.046875
5 0.7427884615384616 0.16105769230769232 0.019230769230769232 0.042067307692307696
6 0.9290865384615384 0.20552884615384615 0.015625 0.027644230769230768
6 0.8942307692307693 0.20072115384615385 0.006009615384615385 0.014423076923076924
6 0.8918269230769231 0.21514423076923078 0.006009615384615385 0.010817307692307692
6 0.8822115384615384 0.21875 0.004807692307692308 0.009615384615384616
6 0.875 0.2247596153846154 0.002403846153846154 0.006009615384615385
2 0.7451923076923077 0.1141826923076923 0.020432692307692308 0.046875
5 0.7427884615384616 0.1622596153846154 0.020432692307692308 0.04326923076923077
6 0.9290865384615384 0.20432692307692307 0.015625 0.03245192307692308
6 0.8930288461538461 0.20072115384615385 0.007211538461538462 0.013221153846153846
6 0.8918269230769231 0.21514423076923078 0.006009615384615385 0.013221153846153846